report_id,投资建议,行业观点,行情回顾,行业跟踪,风险提示
20230423-东吴证券-东吴证券有色金属行业跟踪周报：继续关注电解铝盈利回升和钼价回涨.pdf,,行业观点：继续关注电解铝盈利回升和钼价回涨。1）基本金属：本周铝持 续高速去库，周降幅高达 8%；得益于煤价弱势运行，吨铝盈利扩张至 2500 元；除云南以外，青海本周亦有减产预期，与需求旺季错配下，铝价有望 走高。铜去库持续，家电和电力旺盛需求延续，但加息预期加强下铜价格 承压，短期内铜价或震荡。2）贵金属：美国 4 月 PMI 高于市场预期，短 期内加息情绪旺盛。贵金属价格短期或有承压；但加息顶点在望，我们认 为短期扰动不改金价上行大周期。3）小金属方面，钢招逐步进场，低库存 下钼价探底回升，周度涨幅近 500 元/吨度。兰炭整改消息尚未落实，镁价 出现小幅回调；锑价仍然维持高价平稳，看好光伏需求充分释放后锑价中 枢上移。继续推荐浩通科技、山东黄金、中金黄金、金钼股份和云海金属； 建议关注铜铝优质标的紫金矿业、云铝股份、西部矿业、洛阳钼业。小金 属建议关注华钰矿业、南化股份。,稀土磁材：本周市场询盘活跃度增加，稀土价格上行调整，市场仍有需 求，订单稳中增长，价格或有支撑。 ◼ 锂：本周金属锂大幅下跌，市场成交清淡，短期内市场价格仍在震荡偏 弱的趋势下进行调整。 ◼ 钴：国际钴市颓势不减，钴精矿价格下行，电解钴场内流通现货紧缺， 厂商惜售情绪浓烈。 ◼ 铝：本周市场气氛平静 铝矾土价格弱势僵持。 ◼ 铜： 美元走势反复，市场基本面边际趋弱，短期内将处于区间震荡格 局。 ◼ 贵金属：本周金银价格震荡运行，重心较上周上移。 ◼ 其他金属：本周炼厂积极开工，锌精矿需求依旧强劲；缅甸消息提振市 场，锡价大幅上涨；矿供应缺口仍存，短期铅矿加工费上行无力。,行情回顾：本周（4 月 15 日—4 月 21 日），沪深 300 指数下滑 1.45%，收 于 4032.57 点。有色金属（申万）指数下滑 4.09%，收于 4943.16 点。有色 金属细分子行业中，按申万三级指数：铜、铝、铅锌、黄金、小金属、金 属新材料分别收于 571.32、797.65、575.87、1332.20、1214.61 和 1145.86 点，涨跌幅分别为-3.02%、-2.54%、-3.49%、-5.13%、-3.28%和-5.64%。个股 涨幅前五的公司为四川黄金、昆工科技、图南股份、金诚信、合金投资。,经济增长不及预期，美国流动性转向。
20251124-东吴证券-东吴证券有色金属行业跟踪周报：宏观降息预期下行叠加产业步入淡季，工业金属价格本周回调.pdf,,,"铜：国内冶炼厂完检提量叠加美联储削弱降息预期，本周铜价环比下跌。截至 11 月 21 日，伦铜报收 10,778 美元/吨，周环比下跌 0.63%；沪铜报收 85,660 元/吨，周环比下 跌 1.43%。供给端，截至 11 月 21 日，本周进口铜矿 TC 维持-42 美元/吨，本周刚果铜 矿事故致约 30 人死亡，加剧市场对矿端供应紧张的担忧；需求方面，基本面无明显改 善，终端消费稍显弱势，而随着国内赤峰及山东相关冶炼厂完检提量下，社库开始累 积；本周多位美联储理事频发鹰派言论，周中美国 12 月降息预期一度下降至 30%，叠 加日债利率上行引发市场对 carry trade unwind 担忧，流动性紧张叠加风险偏好下行共 同压制铜价，我们仍预计未来两个季度供给减量的预期，预计铜价在盘整后将继续震 荡走强。 铝：美国欲促俄乌重启和平谈判，LME 带动沪铝下跌。截至 11 月 21 日，本周 LME 铝报收 2,808 美元/吨，周环比下跌 1.77%；沪铝报收 21,340 元/吨，周环比下跌 2.29%。 供应端，本周中国电解铝行业无增减产行为，理论开工产能维持 4413.50 万吨；需求 端，本周铝板带箔企业产能利用率环比持平，铝棒产能利用率环比下降 0.33pct，本周 电解铝的理论需求有所下降，本周电解铝社会库存环降 0.11%至 62.92 万吨。本周特朗 普政府传出重启俄罗斯与乌克兰和平谈判事宜，我们多次强调俄乌的停战将有效释放 俄罗斯与欧洲电解铝产能，海外电解铝闻风下跌，国内铝价受到前述不及预期的 1-10 月地产及零售数据影响跟跌，后续进一步观察消费淡季的需求情况及海外能源价格扰 动情况。 黄金：美国 ADP 数据外强中干，降息预期下行叠加流动性紧张，贵金属下跌。截至 11 月 21 日，COMEX 黄金收盘价为 4062.80 美元/盎司，周环比下降 0.53%，SHFE 黄金 收盘价为 926.94 元/克，周环比下跌 2.75%。本周美国 ADP 就业数据公布，数据显示 美国 9 月新增就业 11.9 万人，大幅超出预期的 5.1 万人；与此同时，美国 7 月和 8 月 新增就业人数合计下修 3.3 万人，9 月美国失业率也同步走高至 4.4%。综合来看，本 份 ADP 数据并未凸显出美国劳动力市场复苏的预期。但作为 12 月 FOMC 会议前的唯 一可参考数据，足以让部分联储理事开始表达进一步谨慎的态度，贵金属价格环比走 弱。我们认为基于数据依赖路径的美联储在 10 月就业数据缺失的情境下希望对降息节 奏做出一点的缓和符合其一贯原则，我们并不担心 2026 年的整体降息节奏，贵金属金 属仍处于宏观做多框架内，同时需要关注近期日债利率上行带来的潜在 carry trade unwind 风险。",回顾本周行情（11 月 17 日-11 月 21 日），有色板块本周下跌 6.75%，在全部一级 行业中排名靠后。二级行业方面，周内申万有色金属类二级行业中贵金属板块下跌 3.32%，能源金属板块下跌 5.04%，小金属板块下跌 5.08%，金属新材料板块下跌 7.21%，工业金属板块下跌 8.28%。工业金属方面，美国降息预期下降叠加需求进 入淡季，宏观及产业端的共同作用下工业金属于本周大幅下行，我们认为整体宏观 仍处于做多周期内，专注需求的落地情况。贵金属方面，本份 ADP 数据并未凸显 出美国劳动力市场复苏的预期。但作为 12 月 FOMC 会议前的唯一可参考数据，足 以让部分联储理事开始表达进一步谨慎的态度，贵金属价格环比走弱，我们并不担 心 2026 年的整体降息节奏，贵金属金属仍处于宏观做多框架内，同时需要关注近 期日债利率上行带来的潜在 carry trade unwind 风险。,美元持续走强；下游需求不及预期。
20230923-东吴证券-东吴证券有色金属行业跟踪周报：美联储释放鹰派言论，金属价格涨跌不一.pdf,,,"铜： LME 铜库存创 2022 年 5 月以来新高，铜价承压。截至 9 月 22 日， 伦铜报收 8,199 美元/吨，周环比下跌 2.50%；沪铜报收 68,210 元/吨，周环 比下跌 2.25%。供给端，本周铜精矿现货 TC 维持弱势震荡，市场观望情 绪明显，等待 CSPT 季度会议结果，冶炼现货需求未完全启动；冶炼方面， 电解铜产量受部分冶炼厂检修影响小幅减少，本周铜产量 24.10 万吨，环 比减少 0.1 万吨；需求方面，临近中秋国庆假期，市场以备货补货为主， 然铜价高位运行，消费情绪较为谨慎，长期来看，“认房不认贷”等地产 放松政策集中在 8 月底落地，需进一步观测政策的实际效果；美联储会议 释放鹰派言论，美元上涨，商品价格承压，预计铜价维持震荡走势。 铝：枯水期预期叠加低库存现状，铝价小幅上涨。本周 LME 铝报收 2,251 美元/吨，较上周上涨 2.50%；沪铝报收 19,620 元/吨，较上周上涨 1.47%。 库存方面，本周 LME 库存 48.23 万吨，周环比下降 2.64%；上期所库存 9.03 万吨，周环比下降 13.74%。供应端，本周四川地区稍有复产，云南地区电 解铝企业也继续释放新投产产能，截至目前，云南计划投产的产能全部释 放完毕。需求端，本周下游铝棒、铝板企业均有减产，对电解铝的需求有 所回落。此外市场对枯水期产能减产预期加重，叠加低库存现状对铝价形 成支撑。终端需求方面，国家对地产以及汽车方面的政策继续提振市场情 绪，预计未来铝价维持震荡行情。 黄金：美联储释放鹰派言论，美元触及 2022 年 3 月前高，海内外黄金价 格涨跌不一。本周 COMEX 黄金收盘价为 1,944.90 美元/盎司，周环比下跌 0.04%；SHFE 黄金收盘价为 470.48 元/克，周环比上涨 0.16%。美国 9 月 Markit 制造业 PMI 初值录得 48.9，高于预期的 48，前值为 47.9，显示美国 制造业虽仍处收缩区间，但缓慢复苏。美联储在 9 月议息会议中暂停加息， 但继续释放鹰派信号，市场预期美国利率峰值已至，且在 2024 年将降息 4 次，而点阵图显示美联储预计在 2023 年内还有一次加息，在 2024 年则至 多进行两次降息，加息幅度和维持高利率的时间均远超市场预期。鹰派言 论导致本周美元持续上涨，周内高点 105.78，触及 2022 年 3 月以来的高 点，市场整体风险偏好下降。本周主要经济数据及事件均表明了美联储将 利率维持高位的决心，美元上涨，本周黄金价格涨跌不一，预计短期黄金 价格整体承压，维持震荡行情。",回顾本周行情（9 月 18 日-9 月 22 日），有色板块本周下跌 1.94%，在 全部一级行业中涨幅靠后。二级行业方面，周内申万有色金属类二级行 业中贵金属板块下跌 3.72%，工业金属板块下跌 2.27%，小金属板块下 跌 2.53%，能源金属板块下跌 0.12%，金属新材料板块下跌 0.91%。工 业金属方面，本周主要经济数据及事件均表明了美联储将利率维持高位 的决心，美元上涨，周内海外工业金属价格涨跌不一，预计短期金属价 格受风险偏好影响将承压，整体维持震荡行情。贵金属方面，美元上涨 叠加十年期美债收益率攀升，整体市场风险偏好下降，贵金属价格短线 承压，预计后续价格维持震荡运行。,美元持续走强；美债违约风险上升；下游需求不及预期。
