report_id,价格方面,供给方面,需求方面,总结和策略,风险提示
20241110,截至 11 月 8 日收盘，ICE 美棉期价止跌反弹，主力 12 月合约收盘 70.96 美分 / 磅，环比上周收盘上涨 0.74 美分 / 磅，环比涨幅 1.05%。同期，郑棉 1 月合约收盘 14180 元 / 吨，环比上周收盘上涨 90 元 / 吨，环比涨幅 0.64%。截至本周的宏观事件影响边际减弱，市场关注国际油价未来走势及商品二次通胀预期进展。,BCO:1、截至 11 月 4 日，新疆棉花采摘进度 94%，较前一周增加 11 个百分点。其中北疆棉区采摘工作已基本结束，南疆棉区采摘进度约 90%，较前一周增加 18 个百分点。2、截至 11 月 8 日，新疆地区皮棉累计加工总量 255.22 万吨，同比增幅 30.19%。8 日当日加工增量 7.77 万吨，同比减幅 3.06%。3、2024 年 10 月份公路出疆棉运输量从大至小排名前三的省份分别为山东省、河南省、江苏省，总计运输量为 15.89 万吨，其中山东省运输量最大，为 6.95 万吨。4、截至 11 月 5 日全美干旱区域面积占比为 51.9%，较前一周环比减少 2.2 个百分点，处于近年偏高水平。,TTEB:1、本周纯棉纱市场动态：纯棉纱市场淡季，下游需求不足，订单下滑，市场心态较为平稳。从品种表现来看走货仍然以中低支纱线为主流。利润方面，内地纺企即期现金流在盈亏平衡线附近或微利状态。2、2024 年下半年涤短加工费表现：9 月上涨 1400 元 / 吨，10 月回调至 1300 元 / 吨以上。上半年前 6 个月的平均加工费仅 825 元 / 吨。3、国内 10 月上旬全棉坯布市场内销市场回暖，新订单环比提高。10 月中下旬，织厂的新订单环比下降，截至 10 月底厂订单暂未出现好转。,国际方面，ICE 美棉止跌反弹，本周的宏观事件影响边际减弱，市场继续关注国际油价走势及下游新订单情况。最新周的 CFTC 基金持仓棉花净多率环比下降。国内方面，郑棉期现基差和内外棉价差环比下降，郑棉 1-5 跨月价差环比提高、5-9 价差环比下降。策略方面，在 11 月底前建议以区间震荡策略为主。具体对 CF2501 期货和期权合约执行宽幅震荡策略，可参考 CF2501C14800 以上卖出看涨期权，CF2501P13400 以下卖出看跌期权。继续关注 CF2505 合约在底部震荡后的新多单建仓交易机会。,宏观事件驱动，下游订单变化。
20250302,截至 2 月 28 日收盘，ICE 美棉期价破位下跌，主力 5 月合约收盘 65.33 美分 / 磅，跌幅 2.97%；郑棉期价重新下跌，主力 5 月合约收盘 13570 元 / 吨，跌幅 2.16%。,BCO:1、美国农业部（USDA）第 101 届农业展望论坛公告 2025/26 年度全球棉花总产量预期 2541 万吨，同比减少 3.2%；全球消费量预期 2591 万吨，同比增加 2.7%；出口量预期 1002 万吨，同比增加 8.2%。新年度全球期末库存因此减至 1657 万吨。其中，对 2025/26 年度美国棉花总产量预期 318 万吨，同比增加 1.3%。新年度全美植棉面积 6070 万亩，同比减少 10.6%，收获面积 5105 万亩，同比增加 1.7%，弃耕率下降至 15.9%，单产同比持平略减在 62 公斤 / 亩。TTEB:1、截止到 2 月 25 日，美棉主产区（93.0%）的干旱程度和覆盖率指数 125，同比 + 63，环比 + 7；德克萨斯州的干旱程度和覆盖率指数为 180，同比 + 104，环比 + 13。中国棉花协会：1、2025 年全国植棉意向面积为 4436.6 万亩，同比增长 0.8%，其中新疆同比增长 1.5%，增幅较上期扩大 0.5 个百分点。,BCO:1、1 月巴基斯坦纺服出口 16.86 亿美元，环比 2024 年 12 月增加 2.09 亿美元，同比去年提高 15.85%。2、美国对华加征关税事宜对国内商品出口形成利空驱动，目前市场预计关税累计值将达到 20%。USDA:1、截至 2 月 20 日，24/25 美棉净出口销售 16.69 万包，环比前一周下降 47%，较前四周均值环比下降 35%。TTEB:1、我国 2024 年 1-11 月份纺织品及服装出口总额 2893.17 亿美元，同比增加 2.00%，占全国商品出口总额 32407.10 亿美元的 8.93%；其中 1-11 月份纺织品出口总额 1288.08 亿美元，同比增加 1.72%，占纺织品及服装出口总额 2893.17 亿美元的 44.52%；1-11 月份服装出口总额 1605.09 亿美元，同比增加 1.72%，占纺织品及服装出口总额 2893.17 亿美元的 55.48%。在进口方面，我国 2024 年 1-11 月份纺织品及服装进口总额 223.26 亿美元，同比增加 4.90%，占全国商品进口总额 23560.30 亿美元的 0.95%。,国际方面，ICE 美棉破位下跌，宏观事件对商品价格形成利空驱动。同时，最新一周的美棉出口销售环比大幅下降，CFTC 的基金持仓棉花净多率重新回到空头配置。但在现货市场方面，海外下游市场开机率继续回升。国内方面，郑棉期现基差和内外棉价差环比扩大，下游开机率继续回升。郑棉 5-9 和 9-1 价差环比下降，郑棉仓单注册积极性一般。近期市场重新选择了当前市场中的宏观驱动，对于新作热点逻辑或将延后。策略方面，短期内 CF2505 合约以逢高卖出或观望为主。,宏观事件扰动，新作种植意向。
20251130,截至 11 月 28 日收盘，ICE 美棉期价止跌反弹，主力 3 月合约收盘 64.73 美分 / 磅，环比上周上涨 0.80 美分 / 磅，涨幅 1.25%；郑棉期价加速上涨，主力 1 月合约收盘 13725 元 / 吨，环比上周上涨 265 元 / 吨，涨幅 1.97%。,BCO:1、印度农业部预计 25/26 年度棉花总产量 496.7 万吨，同比减少 1.7%；较 USDA 预估的 522.5 万吨低 4.9%，较 CAI（印度棉花协会）预估的 518.5 万吨低 4.2%。2、截至 11 月 23 日全美棉花采摘进度 79%，较去年同期落后 4 个百分点，较近五年均值落后 1 个百分点。3、截至 11 月 15 日，纺织企业在库棉花工业库存量为 93.14 万吨，同比增加 5.94 万吨，较上月底增加 4.32 万吨。纺织企业纱线库存 26.35 天，同比增加 1.7 天，较上月底增加 0.23 天。4、截止 11 月 15 日，全国棉花商业库存 363.97 万吨，较 10 月底增加 70.91 万吨，增幅 24.2%，低于去年同期 20.43 万吨，减幅 5.31%。,BCO:1、10 月孟加拉棉花进口约 11.0 万吨，环比减少 27.5%，同比减少 26.0%。2、10 月阿根廷出口棉花 1.3 万吨，同比减少 10%，环比增加 12.6%。3、中国 1 至 10 月规模以上工业企业利润同比增长 1.9%。4、截至 10 月 9 日当周，美国累计净签约出口 2025/26 年度棉花 106.5 万吨，达到年度预期出口量的 40.11%，累计装运棉花 31.8 万吨，装运率 29.89%。5、截至 10 月 16 日当周，美国棉花出口销售净增加 20.25 万包，较前一周增加 11%，较前四周均值增加 17%。,国际方面，ICE 美棉期价震荡上行，国际原油价格开始止跌，美元指数冲高回落，最新一周美联储降息预期再度增强。国内方面，BCO 数据显示出棉花商业库存总量同比低于去年同期，该数据结论与其他平台有所差异。TTEB 数据显示纺企原料和布厂原料库存环比提高，棉纱成品库存环比下降。价差方面，郑棉 1-5 价差继续走强，5-9 价差环比提高，新疆棉花期现基差环比下降。策略方面，期货单边策略可逢低买入做多，建议以 CF2601 区间策略为主（13500-13900 元 / 吨）。,宏观事件扰动。
